28
Lanatina.XP_013417278.1_proteasome_subunit_alpha_t 0.0000000 3.0582637 3.0859668 3.5724604 3.4711108 3.5679107 3.0658900 2.8795534 3.1767333 2.9817551 3.0794846 2.5608271 2.6754156 2.7024665 2.9617976 2.6888539 2.7506917 2.4546509 2.9297125 2.6041613 2.5534567 2.4756875 2.4799174 2.5285529 2.6201452 2.5542841 2.4186800 2.5564225 
Dmelanogaster.Prosalpha7_proteasome_alpha7_subunit 3.0582637 0.0000000 1.1245226 1.0980289 1.1281999 0.9210003 1.0311604 0.8750352 0.9008121 0.8540665 0.9453854 2.8441366 2.9014530 3.3595891 2.9493021 2.8758648 3.0956048 3.3553770 3.6367616 3.4750611 3.5291426 3.4008380 3.2720935 3.2875314 3.4940955 3.4717197 3.2937276 3.5343210 
Egranulosus.XP_024352159.1_Proteasome_subunit_alph 3.0859668 1.1245226 0.0000000 0.7783185 0.7765792 0.8363085 0.7869172 0.6360869 0.7254836 0.6528141 0.6997225 2.8325060 2.9206079 3.0613631 2.7735377 2.7577454 2.9277569 3.2121364 3.5431874 3.3566508 3.3379009 2.9744882 3.1313491 2.9701027 3.0824690 3.1580698 3.0735770 3.0922326 
Avaga.UJR15799.1_hypothetical_protein_I4U23_002731 3.5724604 1.0980289 0.7783185 0.0000000 0.0781143 0.7228622 0.6450471 0.5177539 0.6114627 0.6075040 0.6470442 3.2460819 3.2219858 3.4337356 3.2000990 3.1997167 3.2685343 3.4422077 3.9766370 3.7024048 3.7747880 3.5380733 3.5423656 3.2999616 3.6316949 3.5895531 3.8445542 3.4883104 
Avaga.UJR30804.1_hypothetical_protein_I4U23_018322 3.4711108 1.1281999 0.7765792 0.0781143 0.0000000 0.6812239 0.6553696 0.5364755 0.6327520 0.6060940 0.6578651 3.1052988 3.0988916 3.3236754 3.0417403 3.0939574 3.1853673 3.4473987 3.9010012 3.6334541 3.6830394 3.4111995 3.3177170 3.2541036 3.4872679 3.4220794 3.6416713 3.4836624 
Cintestinalis.LOC100177476_proteasome_subunit_alph 3.5679107 0.9210003 0.8363085 0.7228622 0.6812239 0.0000000 0.5283084 0.4726827 0.5242657 0.5731871 0.4934962 2.7239111 2.9280014 3.0720249 2.8891968 2.6206490 2.8572904 3.0573793 3.2828622 3.3374719 3.2830190 3.1343444 2.8587559 3.1091180 3.0599535 3.0077847 3.0693791 3.0660113 
Aplanci.LOC110982874_proteasome_subunit_alpha_type 3.0658900 1.0311604 0.7869172 0.6450471 0.6553696 0.5283084 0.0000000 0.3814258 0.4002493 0.4676418 0.4237541 2.6990778 2.7420379 2.8566054 2.6666056 2.6411640 2.7089801 3.0651793 3.4902259 3.1393299 3.1770340 2.9630885 2.8752054 2.8810271 2.9496207 2.9297289 2.9998049 3.0687003 
Bbelcheri.LOC109471095_proteasome_subunit_alpha_ty 2.8795534 0.8750352 0.6360869 0.5177539 0.5364755 0.4726827 0.3814258 0.0000000 0.3000136 0.3382799 0.3370209 2.9933244 3.0626802 3.0691849 2.9747042 2.8118994 3.0748237 3.0861904 3.4001363 3.2300670 3.3404041 3.0838169 3.0258003 2.9453849 3.1832816 3.0528102 3.1557857 3.0330363 
Hsapiens.NP_002779.1_proteasome_subunit_alpha_type 3.1767333 0.9008121 0.7254836 0.6114627 0.6327520 0.5242657 0.4002493 0.3000136 0.0000000 0.3921181 0.3997912 2.7124423 2.9189504 3.0011434 2.7945029 2.6564933 2.8030543 3.0949134 3.2990951 3.2685900 3.3003435 3.3178045 2.9529483 3.0890989 3.1984948 3.0805698 3.0462993 3.1946552 
Lanatina.XP_013384393.1_proteasome_subunit_alpha_t 2.9817551 0.8540665 0.6528141 0.6075040 0.6060940 0.5731871 0.4676418 0.3382799 0.3921181 0.0000000 0.3312661 2.8508536 2.8827482 2.7925050 2.7718431 2.8705155 2.9951446 2.8537642 3.0891126 2.8358540 2.9320120 2.9061368 2.6662995 2.7786865 2.7201261 2.8321697 2.7410848 2.7555416 
Myessoensis.XP_021370576.1_proteasome_subunit_alph 3.0794846 0.9453854 0.6997225 0.6470442 0.6578651 0.4934962 0.4237541 0.3370209 0.3997912 0.3312661 0.0000000 2.7704669 2.9813286 3.0524230 2.8422709 2.8025391 2.9526008 3.0811417 3.2178718 3.2091424 3.2456251 3.0357110 2.8473955 2.9165298 3.0014051 2.9161068 2.8867340 3.0636199 
Cintestinalis.LOC100176195_proteasome_subunit_alph 2.5608271 2.8441366 2.8325060 3.2460819 3.1052988 2.7239111 2.6990778 2.9933244 2.7124423 2.8508536 2.7704669 0.0000000 0.3257371 0.3858902 0.3145297 0.3211956 0.3173273 2.0542628 2.3335545 2.0712345 2.0074602 1.9884327 1.9475277 2.1132009 2.0576658 1.9866648 1.9770500 1.9435548 
Bbelcheri.LOC109486945_proteasome_subunit_alpha_ty 2.6754156 2.9014530 2.9206079 3.2219858 3.0988916 2.9280014 2.7420379 3.0626802 2.9189504 2.8827482 2.9813286 0.3257371 0.0000000 0.2451603 0.2300818 0.2657190 0.2181781 1.8352713 2.2444805 1.9831223 1.9276942 1.9825224 1.8996101 2.0812710 2.0060549 2.0145379 2.0509451 1.9245532 
Aplanci.LOC110982065_proteasome_subunit_alpha_type 2.7024665 3.3595891 3.0613631 3.4337356 3.3236754 3.0720249 2.8566054 3.0691849 3.0011434 2.7925050 3.0524230 0.3858902 0.2451603 0.0000000 0.2809069 0.2451623 0.2171809 1.8850413 2.2171846 1.8414911 1.7918595 1.9200840 1.7336834 1.8986516 1.8406078 1.9018447 1.8473370 1.8127337 
Hsapiens.NP_002781.2_proteasome_subunit_alpha_type 2.9617976 2.9493021 2.7735377 3.2000990 3.0417403 2.8891968 2.6666056 2.9747042 2.7945029 2.7718431 2.8422709 0.3145297 0.2300818 0.2809069 0.0000000 0.2281612 0.2034337 1.8220351 2.2193453 2.0692852 2.0305571 1.9734458 1.9335240 1.9566259 1.9134838 1.9347525 2.0025532 1.8993218 
Lanatina.XP_013415237.1_proteasome_subunit_alpha_t 2.6888539 2.8758648 2.7577454 3.1997167 3.0939574 2.6206490 2.6411640 2.8118994 2.6564933 2.8705155 2.8025391 0.3211956 0.2657190 0.2451623 0.2281612 0.0000000 0.1484222 1.9066167 2.1905802 2.0151760 1.9654157 2.0394151 1.9054273 2.0048766 1.9569271 1.9690955 2.0382696 1.9478808 
Myessoensis.XP_021360390.1_proteasome_subunit_alph 2.7506917 3.0956048 2.9277569 3.2685343 3.1853673 2.8572904 2.7089801 3.0748237 2.8030543 2.9951446 2.9526008 0.3173273 0.2181781 0.2171809 0.2034337 0.1484222 0.0000000 1.8779661 2.2657187 2.0032901 1.9474442 2.0028089 1.9266663 2.0085166 1.9578708 2.0160103 2.0730706 1.9719738 
Egranulosus.XP_024351634.1_Proteasome_subunit_alph 2.4546509 3.3553770 3.2121364 3.4422077 3.4473987 3.0573793 3.0651793 3.0861904 3.0949134 2.8537642 3.0811417 2.0542628 1.8352713 1.8850413 1.8220351 1.9066167 1.8779661 0.0000000 0.5944385 0.7195050 0.7220700 0.6204021 0.4918248 0.4977418 0.4536254 0.5400656 0.4994692 0.5347934 
Dmelanogaster.Prosalpha4_proteasome_alpha4_subunit 2.9297125 3.6367616 3.5431874 3.9766370 3.9010012 3.2828622 3.4902259 3.4001363 3.2990951 3.0891126 3.2178718 2.3335545 2.2444805 2.2171846 2.2193453 2.1905802 2.2657187 0.5944385 0.0000000 0.5845778 0.5863467 0.5480884 0.4622229 0.4521978 0.4697344 0.4465000 0.5084809 0.4476212 
Avaga.UJR13309.1_hypothetical_protein_I4U23_000327 2.6041613 3.4750611 3.3566508 3.7024048 3.6334541 3.3374719 3.1393299 3.2300670 3.2685900 2.8358540 3.2091424 2.0712345 1.9831223 1.8414911 2.0692852 2.0151760 2.0032901 0.7195050 0.5845778 0.0000000 0.0571340 0.4241167 0.3497268 0.3652021 0.3635233 0.4005748 0.3931559 0.3812111 
Avaga.UJR34060.1_hypothetical_protein_I4U23_021471 2.5534567 3.5291426 3.3379009 3.7747880 3.6830394 3.2830190 3.1770340 3.3404041 3.3003435 2.9320120 3.2456251 2.0074602 1.9276942 1.7918595 2.0305571 1.9654157 1.9474442 0.7220700 0.5863467 0.0571340 0.0000000 0.4367570 0.3498194 0.3710037 0.3562728 0.3913722 0.4057769 0.3783266 
Cintestinalis.LOC100176760_proteasome_subunit_alph 2.4756875 3.4008380 2.9744882 3.5380733 3.4111995 3.1343444 2.9630885 3.0838169 3.3178045 2.9061368 3.0357110 1.9884327 1.9825224 1.9200840 1.9734458 2.0394151 2.0028089 0.6204021 0.5480884 0.4241167 0.4367570 0.0000000 0.2990321 0.2938277 0.3281302 0.2677273 0.2994047 0.2952887 
Bbelcheri.LOC109473572_proteasome_subunit_alpha_ty 2.4799174 3.2720935 3.1313491 3.5423656 3.3177170 2.8587559 2.8752054 3.0258003 2.9529483 2.6662995 2.8473955 1.9475277 1.8996101 1.7336834 1.9335240 1.9054273 1.9266663 0.4918248 0.4622229 0.3497268 0.3498194 0.2990321 0.0000000 0.2481374 0.2091725 0.2563127 0.2405709 0.2749075 
Lanatina.XP_013389043.1_proteasome_subunit_alpha_t 2.5285529 3.2875314 2.9701027 3.2999616 3.2541036 3.1091180 2.8810271 2.9453849 3.0890989 2.7786865 2.9165298 2.1132009 2.0812710 1.8986516 1.9566259 2.0048766 2.0085166 0.4977418 0.4521978 0.3652021 0.3710037 0.2938277 0.2481374 0.0000000 0.1762155 0.2403335 0.3089235 0.3082187 
Myessoensis.XP_021354253.1_proteasome_subunit_alph 2.6201452 3.4940955 3.0824690 3.6316949 3.4872679 3.0599535 2.9496207 3.1832816 3.1984948 2.7201261 3.0014051 2.0576658 2.0060549 1.8406078 1.9134838 1.9569271 1.9578708 0.4536254 0.4697344 0.3635233 0.3562728 0.3281302 0.2091725 0.1762155 0.0000000 0.2662899 0.3332416 0.3025505 
Aplanci.LOC110989014_proteasome_subunit_alpha_type 2.5542841 3.4717197 3.1580698 3.5895531 3.4220794 3.0077847 2.9297289 3.0528102 3.0805698 2.8321697 2.9161068 1.9866648 2.0145379 1.9018447 1.9347525 1.9690955 2.0160103 0.5400656 0.4465000 0.4005748 0.3913722 0.2677273 0.2563127 0.2403335 0.2662899 0.0000000 0.2221682 0.2727701 
Hsapiens.NP_002783.1_proteasome_subunit_alpha_type 2.4186800 3.2937276 3.0735770 3.8445542 3.6416713 3.0693791 2.9998049 3.1557857 3.0462993 2.7410848 2.8867340 1.9770500 2.0509451 1.8473370 2.0025532 2.0382696 2.0730706 0.4994692 0.5084809 0.3931559 0.4057769 0.2994047 0.2405709 0.3089235 0.3332416 0.2221682 0.0000000 0.2109777 
Hsapiens.NP_001020267.1_proteasome_subunit_alpha-t 2.5564225 3.5343210 3.0922326 3.4883104 3.4836624 3.0660113 3.0687003 3.0330363 3.1946552 2.7555416 3.0636199 1.9435548 1.9245532 1.8127337 1.8993218 1.9478808 1.9719738 0.5347934 0.4476212 0.3812111 0.3783266 0.2952887 0.2749075 0.3082187 0.3025505 0.2727701 0.2109777 0.0000000 
